724089
696374
644479
278
19404
238
424
372058
240
592350
129
496243
556574
42269
497
680
637
389
122
155
522924
13
311
769
11216
537061
429
40096
346
539
664767
550
510
618344
598
324857
4935
640344
12477
599
914
244786
1891
73
3782
599521
423
901
12493
128
567
378064
975
452522
620683
14537
120
27205
18491
207
432517
313106
807
3082
101
121
637920
527641
274
11659
157336
18148
10376
26451
335
265177
290098
504253
299534
398818
508965
25237
470044
20914
490132
29259
24188
797
105
1398
28
638507
16672
5156
37257
24382
422
299536
531428
670
8587
1585
77338
284
2457
490
10098
158445
185
110420
517814
406997
426
458302
354912
629
705
694
895
11
455661
610461
439
992
77
996
28422
437068
103
399106
16869
606856
872
1124
19
100
10494
9764
239
475557
14696
449176
614
98
11878
800
500
935
50014
548
1422
55960
411088
11324
55823
111
857
666
515001
38288
289
42229
19542
339877
359940
538362
603
324786
334543
832
1396
568160
600
7345
149871
489
843
667520
12445
282848
307
92060
522518
11645
348
8392
68718
147
426618
19426
429210
264644
92321
961
46738
655
38
579245
237791
37165
21634
28978
780
1955
406
2517
582
310569
654
11423
9277
387
360814
103663
62
583083
29264
9702
160885
8422
3090
204
15
4348
12104
15383
821
378108
120467
205596
26022
140420
110416
641
595
14
770
424694
446159
521
938
400928
10242
554596
7508
1092
1059
18438
11104
7347
38286
505262
15244
11778
381284
3175
10681
146233
10404
962
280
1580
110
12761
28178
279
41050
491480
32085
11712
20271
524
106646
213
656563
609242
673
3083
10997
10238
13223
522212
3777
1091
5925
775
1578
627
25376
10515
430424
316029
947
7857
2721
414419
334533
833
315465
142061
17295
564427
331482
1892
662
3112
631
30588
11010
60243
20722
24
25538
83564
76203
24167
28971
152532
1394
70
393729
862
405
21334
20453
556901
11656
829
31442
301
369557
3034
293299
150540
488623
234
149
1626
5924
223
76
8290
359724
78
33
303867
640
506574
745
530915
498249
11953
2011
5544
1675
198
804
379170
14160
10774
827
113833
197
29845
11658
10674
5511
398924
118340
505192
25364
81
266856
16
381341
6977
194
596054
1402
337960
445030
29455
752
11602
359156
7984
85
32480
185789
707886
9323
396
336804
329
423612
593
122906
435129
210577
31011
10386
47796
25606
3078
679
93
508439
671
11036
391
152601
851
397567
11293
115
399174
313369
37797
20126
934
949
393
13398
235
275
33320
49687
20334
546554
234200
596
242828
581
696
14574
597
348892
317442
453
303
144
152742
24238
10227
1018
826
451945
22596
404378
16804
71157
925
13042
24480
1908
508933
265195
113
582927
5915
613
492188
169813
9479
6075
200727
314365
1280
203217
28162
22504
805
296096
3870
887
336
393559
335578
27670
703
589739
47931
5961
968
33602
762
586863
419478
13855
12
141
16859
990
142
612706
29458
777
553
183011
263115
466282
575452
14069
674
499
677638
15265
382591
9421
873
776
11005
1480
585
583
89
80
963
665
13929
10775
2108
1646
702
12093
585244
59440
25253
107
10193
261
20108
15251
587
2118
903
86837
431693
136
12444
11621
539517
347201
143
52345
336808
10191
166428
117
382748
371645
177572
30018
40662
123025
262
110160
3114
4977
21135
24657
404
24160
8327
845
49797
1628
891
2440
1040
149870
380
277216
137182
16306
982
108
297222
284427
269149
981
396535
10633
22843
525
554590
24653
11787
309
49026
10020
497582
84892
9800
164
16391
14580
12405
632
322
12491
1075
342470
45269
269
8703
1417
792
11686
238628
11049
1366
273248
11697
1700
61979
320007
343
426426
165
11902
22
4808
19026
374473
14811
11482
10835
265169
10229
672
334
2062
1633
3309
13403
503314
8416
14756
4480
544510
13187
205
375794
576
227932
25188
11898
513434
247
10315
995
653
522627
9475
562
11220
18329
359784
96721
12429
678
22683
162
40619
11854
1607
9023
4497
313297
43949
767
211954
126319
793
1093
83666
1879
288
51608
16305
14836
9806
68
13363
8832
82702
37247
18079
11356
158
10331
14784
6844
38251
8073
10322
99
1859
24428
910
28580
11299
675
398978
42801
993
220
242582
19223
531
15121
2433
272
167581
5528
286217
100402
820
13386
1592
11421
9552
15794
1654
1600
1939
1587
12516
428493
9377
1632
3767
976
50531
12548
5910
221
484468
207703
111083
455714
433471
10757
283995
4995
773
180147
54186
11046
11113
8358
643
306819
2690
180299
5165
4593
4347
9444
1904
483983
43904
824
1567
333339
642
9343
2493
621013
11657
871
19101
812
49992
3529
21575
808
8342
446893
216156
74879
746
489999
10161
3133
514754
13413
4024
578
64
55
587792
17483
11040
688
11610
15137
483184
5143
3009
244063
177945
11474
11321
10778
41411
9081
44214
200481
413279
900
222935
11562
2013
375572
198375
17431
2786
244
533444
309809
21734
1726
673595
613090
364137
16619
10637
51739
9394
638
323272
22881
15014
14283
4909
2000
301528
9289
468284
17057
14736
11190
5708
4960
26280
61202
9693
877
71
269258
221731
16052
11167
940
14813
1913
308369
1933
118406
1678
431580
551332
293660
36685
592
586940
484751
137113
11327
4291
244267
503919
176241
16642
9040
2649
2009
63
246741
433
451480
4481
283587
264660
30020
12169
1712
218
6620
38757
648
487558
364111
11016
375262
57158
31417
13466
1051
765
277834
451657
71859
630220
966
12498
109424
15472
11782
967
630
627725
3558
419430
416144
948
11906
11362
3580
11031
284053
14282
271706
83389
14624
11506
574
64690
18333
13002
489418
3001
7735
37769
907
137
319
260513
429617
565310
13060
4982
863
649
337703
4254
9340
339
10787
985
417261
26596
11030
7500
3116
507569
1786
4922
32909
11969
10950
3035
377273
315846
338
13930
475
10683
1954
747
483980
529216
439584
440298
782
625
484747
200085
12102
11344
4638
27327
212
63311
100271
49361
14257
28874
11688
8440
819
4553
389015
984
626
284293
59436
1541
481848
487670
256040
127585
26371
379
58451
85350
16958
9366
229
595975
383498
11481
1902
921
79
491418
348678
334541
22584
499631
329865
11171
650
616
332562
21191
9912
11970
10734
1372
783
428836
413594
37719
4951
571
251516
10784
522369
414425
186
14919
923
11798
4550
522
364433
37903
489930
9549
1023
1847
69
454626
138843
13754
11159
4174
601
532
327331
76341
13310
8740
8094
3088
15371
457601
15097
12163
10747
983
382614
10435
437586
265180
11178
1360
226
10110
1579
381289
10363
1883
527
175
577922
434616
11202
109
552095
179144
252
11901
431937
37181
346648
244088
281957
228205
11829
9495
8333
387426
38396
13384
514439
132344
27632
856
52629
11544
9428
9016
8321
440596
10549
828
779
228326
13528
406385
292011
1052
786
219
432616
1251
273895
519010
14092
18
10907
330459
250219
39107
16234
1949
290
376290
258480
7214
575
194662
228150
16372
74308
36557
211387
75629
363
456929
227306
13353
451915
72478
11549
9665
6916
1407
466272
16858
902
11704
1523
519141
9385
7452
127533
33273
11349
516486
339403
552178
212167
10377
823
129670
500664
13446
1554
11528
11471
10849
9559
874
335984
203833
19995
13151
14645
145
374720
16646
9571
9504
380225
7549
274109
10843
3766
881
610120
545609
16633
11615
6404
408647
340666
17529
11948
614696
9008
26963
11206
568
255
137106
24226
4584
3109
2056
192
13377
190859
43920
10911
4689
3063
11545
21450
9462
2292
763
713
106
407445
433247
217993
74643
498248
530
433498
239571
9056
5723
4203
1391
565179
481432
13475
8741
5967
3933
154
618355
193756
33997
620
39323
427
345
463257
1677
1245
101299
9461
388
12837
302528
36040
1542
3085
839
2034
31682
4133
206487
11368
8356
26638
25403
9075
2501
1813
687
639
196
507505
9509
1368
377263
319373
6114
76758
13635
13321
9516
1653
10794
7862
303483
9918
499932
22538
2798
435577
286192
19100
15764
802
621
2757
416477
94329
25623
293863
289222
38234
140
65218
153
40794
13689
187
14433
1544
376867
50848
37472
11416
7863
271674
16320
704
491584
90369
8810
37775
20246
242
395834
157354
19067
12207
2639
205220
7913
5503
38985
15999
2898
470878
417320
271110
17809
9662
965
161
43641
10400
492
394117
284054
11426
1429
315635
64682
342737
19666
3110
504608
10086
6644
6003
4543
290762
88273
34647
39356
488
76589
57361
4476
2291
176
381
284689
284052
21484
15362
2134
249164
690
290542
121986
11661
9361
8055
114
11881
307081
14291
756
356296
239877
37135
34653
10437
260
140823
10234
2503
1669
420814
197082
9652
3089
14638
760
140607
75656
49020
2252
312221
304357
36940
12776
7249
1116
840
79120
853
794
462
458156
403450
369299
39324
2899
453278
165213
111969
13932
474395
658
385103
132363
10654
337401
15165
11816
11589
11450
4147
581528
407449
17654
429174
360606
87827
88
353081
259316
45317
11644
2759
399404
2640
116
245913
33701
1594
82695
18311
11943
506528
46838
25866
15384
12140
457
537056
152780
420809
10144
10024
801
318121
54138
8681
3121
250538
3543
850
15359
1359
892
447332
25673
628
454983
10139
686
121642
15152
10975
10669
590
400090
7979
273481
2666
764
339380
176983
11978
1791
814
30497
184
259761
179150
15003
350
121875
65754
16563
146
11499
375785
242643
23550
470
407448
64956
318781
9267
5123
38142
13382
486589
81188
489925
41201
11963
114150
1923
855
246
169881
1895
134
13008
10518
104
152603
10705
4011
80278
51828
2841
549053
53565
14534
392982
70670
8424
22803
16085
298582
228203
4771
459
10925
6037
37094
177
502425
330457
73624
9470
5506
2756
1088
10440
5590
77016
11101
10795
11072
2977
922
9426
318846
10474
9539
129112
11673
1254
771
180
82690
76543
11986
547016
209274
30061
17159
837
381288
205587
20312
1433
18925
3131
340
375315
339984
1716
866
21348
12762
11663
10149
4816
11713
3176
391713
191714
99861
766
9589
515916
16307
594
338766
167073
10360
9550
859
245168
245891
65229
26617
9587
425
329819
228194
13183
830
506
519035
119450
8337
10112
10617
615
436343
112198
9609
400617
37799
122917
30197
13041
10312
9474
220289
13933
1640
403
18785
9299
476299
2502
377
475946
266
306745
23637
509364
1491
15080
10860
8374
813
512895
168259
57212
18947
40823
1672
408220
11305
13597
11886
11020
520736
58857
49051
44264
14202
3549
486947
109445
63310
49538
45958
227
11230
9325
420622
1598
988
297762
15196
9833
9454
1427
436
87
396263
39486
12162
45612
1725
11832
6619
69735
44716
12481
374461
345938
53457
21641
352490
198277
68734
58
59421
6145
25793
11772
695
345920
16520
11236
9603
19908
17814
13368
11951
61791
623
38700
19236
399055
51241
50646
1818
393624
401104
10772
5825
293670
10644
2609
606952
6396
332270
9078
19597
276
404368
19913
10994
4032
417678
24804
1830
199
112949
21032
11502
51497
606954
338189
296098
11850
4232
2654
1262
606
56831
10693
355338
63831
11382
11051
1645
167
512263
10647
861
1850
504
11457
1878
560044
15370
474354
11446
8088
1278
14047
597219
317557
33511
403431
259693
35690
10009
509
458
250480
11044
759
5548
243
411728
346364
323677
34433
15283
9464
6978
2771
37136
29005
25846
15255
62215
2153
9013
406990
350312
334517
11868
2270
479226
395991
38810
20345
11773
7340
1265
761
56825
2355
8844
287495
113082
4688
451
205601
20352
9388
469
271714
60308
5236
11524
10501
2657
97365
13156
8923
2277
941
265712
364689
67884
10722
844
465136
324849
11660
1548
979
14375
9576
170
398173
14359
2028
10673
4538
4415
446696
156022
18320
536743
379291
86829
12143
10601
476
93289
48254
22164
15067
11462
10403
6537
297
117691
25205
8393
551
42297
72113
14306
421
557940
10648
14794
2769
2567
342473
21519
535356
68722
321528
72570
22954
268
614488
10867
10150
110398
916
59468
14748
401
429200
2055
458423
449924
11837
5488
285
213121
12614
43266
34584
420818
4518
1213
324552
15601
11296
10528
49047
1574
1572
319888
11647
1440
475094
403300
294016
259954
12105
11634
2998
788
279229
23168
8470
994
570670
5902
1714
537996
30890
11929
11328
19186
10142
9473
10559
109689
2323
251
168
336050
204436
14299
1538
59
371638
300671
12473
9322
7350
2832
90
6479
44826
1367
203
495764
38684
517331
6023
4176
329805
257211
10986
340613
2117
504949
424488
258230
79707
51876
11042
1164
17887
978
177677
120605
1807
409
15588
12289
635
420817
399121
353326
25300
14859
11485
1730
711
557
407655
55931
37724
12092
475215
340027
11646
8963
340270
291984
587301
330483
254172
70160
13928
1623
1621
138
13885
11153
473
376660
9540
449749
369523
48034
651070
8428
493922
9837
254201
9787
8329
1271
130739
46829
22302
11639
11533
374205
12159
624
501633
454640
13004
11050
438740
298115
40807
10634
212778
147773
50348
8293
6615
612
573
232
528888
508642
308639
198663
196024
30159
28043
4441
607
501170
9502
1555
445
487672
366564
10531
22527
16608
12877
473033
396371
365045
68730
487242
197950
80184
11687
11287
10653
5176
157370
9741
123377
82881
54551
10141
291270
468198
116745
609
328387
249688
13012
11177
3291
293
11897
8438
16562
363676
239563
58574
2668
366924
19265
13001
10625
11176
1694
370964
13925
10948
592834
74306
364051
157832
11093
10712
2100
535544
39108
8879
382399
62204
45094
19833
14412
9701
7972
2671
241
664413
12230
9829
8222
5693
248933
172106
91417
505600
10876
10102
1443
31906
14447
15392
8363
472451
270400
13666
570131
209276
651
399579
73456
381356
522162
323661
103747
11165
5916
2024
455207
440472
206563
64720
37767
16620
11934
1997
458253
23483
4727
324560
8764
657
537055
281338
203801
483
615774
452187
429191
45162
9820
507076
4552
302401
102899
28384
9281
508
103328
10223
5919
256962
14438
336843
317560
69315
15487
10340
10217
2280
1924
883
399366
365942
152584
17681
11509
581997
530385
102651
10830
524348
321741
408
9441
433945
233063
82684
393519
360365
127517
82693
838
65
96714
44874
13701
652
310307
38397
4104
422803
236735
12144
8051
290250
14292
11576
411
370755
20982
11815
10198
1089
927
369972
323027
23566
23169
4588
558
554241
428449
33613
9846
116149
9303
8469
8092
1103
12902
514207
22536
809
3053
468
226448
127373
581392
109410
12545
11447
1024
418680
41110
10895
9905
9675
546
429197
15060
8053
556803
527435
436931
283552
11337
10545
4946
4643
103332
236
9555
11971
9696
537915
13688
1885
1643
465914
336000
11797
173
501907
9802
1900
1259
860
659
19123
188538
76535
398
620725
348089
11336
333352
9994
500860
10497
6471
5698
534259
10536
9606
8697
10436
127380
49948
9316
11257
267
211052
73532
17111
11636
17443
13283
9769
327
412202
7304
77877
10537
4512
287947
10590
374475
297270
22826
1637
378
458737
14533
11219
1985
619264
156700
11561
8619
1553
241771
43539
11893
430447
56020
13550
7485
647
103731
21588
847
338967
18183
11075
1485
82633
36950
13785
1584
332872
44115
18533
6418
1581
1073
931
926
390497
335797
43959
13378
228970
269494
6968
394741
25508
402897
22494
11590
277217
16136
526
7326
457799
437033
458723
325690
308084
251519
2383
523777
14139
7270
300
62211
11831
11527
4192
18240
13320
8095
37495
11973
2742
351339
24253
644
395993
254320
11393
10083
445651
11367
4012
2007
281
447404
50472
12889
10868
2604
556678
56292
10564
160588
17187
12335
9746
265228
85739
3293
646
446354
13939
9542
8982
70667
9427
8072
7299
43923
12089
2054
337556
77495
53487
36658
9631
68924
10514
473072
388399
15400
12149
4031
450489
64685
14070
2907
1382
1374
384677
16198
10130
1715
11000
9560
178682
10476
4836
2623
118
250734
11224
397538
348668
24469
272878
1090
567609
397837
302946
256835
2750
11454
11975
11360
3170
76025
10974
1165
363088
252822
62177
755
343668
84199
10236
8841
381283
11916
9434
778
36955
8408
2469
454652
246355
101731
13989
402900
354859
1857
77887
37653
11690
484482
1958
35
13416
754
658760
423646
320006
87093
36657
590854
512200
432087
10753
10220
864
401898
60670
924
1630
412117
285733
67913
299537
43347
4464
174
341744
9036
48303
3472
322125
25676
1770
34134
13198
10560
586
599845
1272
41428
15775
912
504603
347031
321612
28053
10707
10530
9386
7980
1547
9929
419639
315011
33914
12560
37950
15805
14637
180863
9430
369883
31967
13459
11689
9533
472674
285783
13253
9732
936
297556
181808
24684
399057
338762
333371
17917
11620
533
423899
15867
11616
25196
16553
2061
263109
11826
253980
75258
19204
9003
4148
2164
604
468224
5279
44009
19494
13809
8009
332283
20766
942
334304
74534
12914
9487
203819
14506
9392
744
300669
26428
8195
97630
76492
30508
21946
1412
1381
527729
361292
227735
157350
55787
37056
22855
17612
11156
10218
320
46705
16907
1255
392
166666
62837
15906
1934
16153
314402
307103
298382
97367
85446
58522
11631
405774
175774
2109
1771
308
84329
22373
2295
449992
9692
398175
68721
297725
15856
10122
9798
491472
427348
425703
49009
11770
11054
1808
337339
55347
1832
12783
8833
8882
11033
528949
93456
10865
9443
24420
561
38366
2322
547
440161
258216
252171
113947
426865
65215
31900
304410
13920
10839
567604
171372
39105
15789
954
11820
11006
84175
13342
11329
868
339692
221902
171337
1535
210479
51162
15723
242090
204668
10649
9952
676
310593
71864
45284
12268
11571
9684
10882
11652
474350
192136
10439
79108
49018
17845
10339
2048
49530
472734
400155
30675
11004
6399
12225
9762
249
77174
16938
2289
10228
6878
130150
31997
9390
8052
365222
323372
186161
38408
3432
854
384018
342672
297802
7445
514921
274870
15849
563
131634
16007
9766
2196
448119
424781
408508
31175
10776
338952
110390
56415
16093
9880
8390
8068
525661
85889
181886
377154
303857
12101
4193
542830
21208
9667
480530
10780
419743
184352
11386
9007
9026
254470
140870
25195
14411
8974
308032
204082
15016
12476
2253
1573
569547
12153
9090
7291
1648
256591
582873
127560
9953
614292
475132
432068
56804
55725
35558
14924
8366
879
152737
67660
48769
12919
369778
27850
15058
10973
559969
377799
187017
84332
39254
12763
228108
13435
11864
129533
79113
192141
64688
335360
276907
9270
5854
44835
13931
513045
61667
14337
13537
9799
9563
710
11170
339987
49519
14011
8881
2755
110415
51999
38055
262551
11843
9647
278927
209451
3509
232672
8272
337676
12281
445571
291805
62214
19200
10323
9591
565426
11076
11935
9344
537739
72976
17360
2462
394374
56590
39013
16281
11873
9314
426613
8953
3573
446021
26466
2259
226857
168672
332794
300666
11087
953
10711
535292
283704
243683
18937
14746
13813
11708
9451
454227
238713
16140
2266
260514
417670
308266
29702
1946
431
513347
390734
390669
374416
59967
1267
8848
8348
466
426338
3683
364
571891
425134
13667
602
470229
413518
332979
44629
504562
10423
10276
8193
369192
109417
49444
11144
9476
83542
51209
28176
8367
2288
17979
11448
9519
523773
465003
2300
337170
170522
2787
1817
10138
957
401847
393764
283235
33542
22051
521777
416494
401246
188166
22971
11879
11018
459992
245473
12187
11774
400136
491283
377897
37768
5876
2112
1991
272693
249397
20770
11439
402
574436
42188
17578
2758
401200
25941
15015
12626
10998
390043
326359
9469
564
23202
11162
448776
353571
174733
10156
1833
384680
37735
2044
920
421447
140300
253412
228161
82992
12244
10297
10027
7305
4912
11836
11780
2652
508763
468202
41233
16995
10362
225574
145247
7874
454
68726
4484
254578
82507
11904
10785
353486
347866
294963
265189
244506
131631
65057
8326
7551
391757
15144
13685
10779
9778
400579
14367
9359
1824
86838
7012
2161
407890
11455
24615
9960
11381
34463
15143
429300
276843
138832
24752
22947
9538
2293
1371
10934
9942
338768
8736
417870
185567
46332
12573
11848
10837
2255
499701
318917
177888
9503
351145
405177
254375
13510
95
446894
157841
98548
10399
9663
254
623491
416186
296524
103269
37137
5038
175112
72190
9411
1552
44249
29161
10758
2039
133121
9749
9263
400535
539892
393457
340684
252178
57243
50839
9362
2140
2005
321697
8769
284303
256917
198185
11227
9433
11223
11092
10692
1903
691
159824
14410
82424
10846
8852
1495
150689
278427
231176
9283
262391
244539
27585
11319
11013
48175
9282
8489
2064
1721
467956
347026
190880
15157
416194
198184
543343
443463
348765
10195
2016
1125
340485
107985
105864
63700
13509
310131
11507
11071
21683
277
379149
376570
360920
19185
13312
12246
10212
10133
402298
9909
2616
2614
17689
417812
188927
38285
19255
11633
435707
37777
913
227973
11302
1921
287
76726
49049
41402
11974
4566
1246
20504
19933
250235
72432
14830
9387
2163
504172
348893
74465
10607
9654
9481
4587
508791
463858
87502
37233
9737
8699
37686
21159
12920
126963
12233
267999
11134
2669
712
489245
445629
419709
369885
313922
302429
11003
15393
13258
158011
8880
244772
48415
13648
9602
53957
43645
1696
517839
22798
16395
11259
91745
11253
1365
113160
858
515195
335983
154400
12205
6973
12160
10675
1858
846
532938
455980
445793
394684
17379
9789
4271
795
352161
339419
245698
12178
9819
2362
589524
796
12079
8456
262789
253331
136799
51052
10166
256924
10222
8292
212716
17332
7229
634
257
418879
107846
57112
55420
11497
4929
1875
500682
39103
7859
483104
14553
10015
4523
706503
511322
437109
375183
315664
280217
246860
105077
30163
11880
2142
768
392044
339405
96724
82703
12151
9326
1826
119675
65760
18415
11937
11022
1871
207933
438799
360638
283366
75900
25475
9781
261102
71689
381719
209263
13672
11086
4547
1494
35554
9567
500475
493551
325189
28089
41216
11522
276908
9062
236737
19548
4437
14370
10388
8976
29963
13179
12924
11340
10316
9031
531876
438747
38050
18129
11542
9726
9058
8536
11184
591
578189
505954
399170
200505
10873
10226
581859
28942
9900
9655
3989
484510
11967
9659
474335
303991
52274
44896
9367
7453
5994
298
555850
13062
10010
9442
513576
39939
294254
4978
474331
177699
494974
43629
2179
458897
50837
20115
13497
1947
48492
13682
11371
11185
6312
534490
205775
11977
2023
13531
11655
9740
9319
8355
454458
8265
334522
29917
11009
329996
11135
956
276844
87825
15167
310
529485
10803
1701
45610
5255
448095
177494
56812
39514
529862
17609
14181
420426
7443
239566
13676
9558
8967
639798
484641
38199
9919
7457
606117
328425
87492
14609
443009
46655
36647
10347
9374
6435
2976
462883
340101
330764
496
278236
10115
9044
8872
4517
267463
13971
10731
245775
10687
8328
301351
24803
2001
97
10045
8871
11520
9336
1870
790
10264
245
1635
13448
5780
469274
13851
11364
613504
353070
62630
26171
15171
12227
9357
1364
787
273153
8669
39104
435126
27431
13820
12599
8271
1597
449443
46420
41610
4108
532620
172803
170687
84355
44251
36819
2925
943
467632
3902
397243
13285
9403
50544
14635
11322
11208
505948
450465
21755
9871
136403
660
581600
337674
245916
91586
1439
424783
41663
16241
8696
8065
49517
11183
150
492452
135397
57214
46195
605
635744
11601
511785
316152
157386
65291
15762
9318
1487
457136
55292
10158
6415
1948
514847
321751
9087
241842
238636
21316
223485
619
10096
10060
3525
399402
12651
11838
5175
605116
526050
450322
433310
332340
171540
18331
8194
160139
13763
9272
7985
360605
290864
227719
11624
310135
241239
46146
950
48138
250124
10215
83686
8649
41211
66
411638
13291
11592
10591
3635
484247
10652
9839
76338
3021
500840
3595
171274
9707
9689
20760
13804
10510
8827
6072
1992
568091
9489
1887
341012
283350
75802
20539
11515
1788
248774
136795
10072
577
458534
166426
68727
464502
440021
92591
21474
11130
7450
2924
152747
413658
86825
9869
4349
575100
17445
13691
1389
376166
11412
10189
2675
565
19458
253306
15854
428495
325789
12150
12113
772
613099
339095
39513
10328
157
526019
37933
336882
3784
2882
523172
239678
49367
10201
12184
37645
10650
10586
1624
192577
64328
34942
10909
2148
1911
471474
10412
9638
12155
8005
121826
10897
2330
611207
26388
11887
4944
4169
339964
162215
18764
11012
9739
44945
13090
10719
2788
11283
5595
3877
348350
315872
77459
11548
10493
452
391710
10999
10176
9687
512
454619
300693
232679
83899
1990
332210
10995
10155
9297
1931
337167
120475
39781
8066
458594
396810
334524
201085
60309
46169
407436
309245
13195
27936
256274
231576
181812
13192
13155
7219
668
389868
353616
227700
31007
9331
2110
166
433252
80274
26736
15602
8467
7191
2897
2454
503125
50546
39538
11430
9517
179826
87499
8913
6575
582883
351044
44683
21629
12775
9614
7446
6964
402529
15356
667
636
644090
119569
75612
70954
48289
20178
10952
1909
8874
6522
9950
8270
1571
50456
16367
12637
5955
524251
467936
68817
10503
8834
10947
9972
2779
25
382322
22244
11635
1586
1576
435921
45132
14029
10464
1498
469056
311291
157847
9613
166076
1930
480001
339408
9913
544
611914
566454
10552
8338
2059
487476
62835
61404
35052
406994
39371
12508
7555
206408
13640
10664
351286
17894
13967
944
309302
241855
51540
2605
2251
398181
396422
16366
10585
369230
39101
9763
9716
8208
22794
9346
8835
215
75174
53319
8961
486131
241259
6961
1562
163
49521
5951
270303
80321
6972
6538
22586
12133
11566
8204
3179
1945
1369
401981
398929
227156
10656
274857
9595
164457
9313
4105
623195
481084
345009
55721
22970
8461
301365
28609
21861
4958
471506
400650
10890
9100
529962
146015
136400
13649
11814
816
8840
425591
334878
290859
109421
11064
10961
7211
5718
1593
38363
14510
9816
9059
438674
64678
59860
991
884
241848
78698
11400
9410
9093
245700
10019
9352
6639
6081
531454
18126
12165
10874
9532
8738
8012
38542
16538
12720
12690
11091
10147
76122
11543
309299
63492
360784
73567
10354
21481
1894
44129
21385
11559
10691
441183
252838
74513
12185
10957
10389
8954
8288
2123
270343
363992
244509
146216
11281
8488
1957
246655
10569
51917
253
257785
152795
41602
5139
375012
199575
10393
834
345887
274479
18032
11835
588
492282
83201
10539
123
88005
9291
3049
19898
13768
11899
10741
4564
282984
264656
193
10288
60175
11282
9255
1729
411741
9843
9588
400
413644
10484
10279
300155
475303
16962
14197
431072
401545
376659
38843
14052
225728
112336
9779
699
42892
436274
274862
229297
154441
11980
10502
2105
474051
329263
10859
408033
11198
11120
4729
1266
218425
75780
25059
10806
1493
206647
10414
424139
21407
14254
11884
7516
6950
84184
81440
270946
11313
1965
489430
513574
37725
11027
294795
293970
1988
9342
2360
375366
19124
17898
14024
9445
1893
449755
390062
145197
80389
426284
271724
5125
433422
286554
692
287689
15070
68724
47760
12242
10249
9429
5683
330
429417
329712
306947
466081
410117
9414
1710
865
300673
1865
157849
24100
10782
10295
10184
267192
242224
5336
36593
33365
13465
11247
9681
652483
525041
295964
74387
11498
11068
290512
280996
10052
9870
4413
515248
369781
303858
13250
8909
339397
13193
2046
682
444539
411999
60307
2789
116711
22972
15947
11333
441282
236751
156711
41154
36834
12689
9944
10540
7518
171
457335
273271
263281
159121
44048
11023
68812
18198
11596
9086
8643
1281
582913
401469
43947
376866
9964
302
400157
16617
15301
3594
454992
335051
73723
392207
11551
9522
583268
16523
565743
449985
51991
22620
15739
9599
9526
8346
403605
20943
6069
2978
708
681
446791
419835
242042
300667
175291
172385
70981
11584
9535
74
540901
373571
43549
26285
10390
6687
460668
396461
339259
36586
24740
8279
70006
44865
531438
417384
390054
295693
15567
11676
622
231
433502
117251
33875
81250
13665
12182
10567
9437
204922
86555
16340
15373
13373
11622
8868
8413
2617
396398
16270
10898
9529
8952
4141
435
20857
11427
528491
10126
10760
10466
72197
15613
14517
10660
14136
269650
50620
13053
12437
38575
15449
11654
478820
12609
11846
2075
1907
243684
20481
14055
10622
10056
501979
95610
16899
10210
9035
293167
157360
59961
34769
17707
9350
9032
2655
397
12308
152
522681
24122
11808
9399
261023
44269
12797
423204
401513
273477
27958
1406
121674
83186
9768
3981
458344
137093
123553
109451
109428
45243
44147
587693
59678
9556
1551
333385
10684
96
14462
10135
462919
23963
10866
521029
16119
14001
324852
157547
60420
27582
11211
10651
13680
543540
453405
115290
11913
8987
71688
12106
7873
241554
20497
11298
10847
10527
10140
346685
253450
84306
61891
3537
33689
10761
72784
57825
22897
14249
12222
12117
9686
4520
210947
2133
173847
57737
59859
15139
10671
9064
2069
392142
72387
535
36668
13249
10159
193893
27324
20526
10398
8665
302699
82654
694234
102382
19955
7442
445040
331583
9315
6947
298729
27429
22832
1619
214
429189
395992
58232
11128
11047
10991
10851
9772
240832
13333
10246
455656
18405
15655
10894
429203
341174
13150
8197
625450
374617
15261
15239
13655
584
427641
118293
11172
9664
396940
301804
17710
6691
6283
27813
8491
3536
664
74018
13205
331836
320028
236399
200713
116979
16441
12600
9490
5879
343674
268238
11114
9777
200
77949
11060
10770
9404
2207
592336
417859
324670
211672
86812
10699
2294
1378
341013
49527
29437
16614
9873
81025
20048
10471
184098
39385
6440
14684
10074
9276
193610
13027
599975
4233
811
500852
443791
266082
8054
397722
11449
1247
928
328589
84188
54318
10800
4421
1989
20662
11229
4488
316727
238615
76170
21786
11001
433150
431530
4728
1687
408540
284276
81342
77561
13483
9618
26390
13225
5072
11444
522938
266285
72105
269148
262500
19405
425972
290751
13122
11034
7461
518452
250574
3638
1809
189
184314
11395
9317
4244
309304
432613
429733
338970
75761
63710
34588
11096
8077
5551
689723
396493
207768
94562
15596
576156
10677
535167
332567
34544
9792
2642
203793
294272
202575
117974
14353
13927
14442
387893
82525
44706
11215
1845
2577
142320
49017
39102
1647
334298
23631
9593
8922
75
320588
9928
9679
5174
27576
24124
7300
2171
608
555974
356298
70436
27586
6557
271736
21610
10766
2043
209403
10330
4513
48395
12403
467938
117263
48231
11529
21057
509967
453755
9691
8960
354216
300668
68735
13417
9688
9422
415401
315880
39100
11827
6488
3980
152599
41733
31867
6795
295699
57800
41592
10021
1577
339527
41283
19277
13641
9718
487680
101669
82682
10326
3036
2453
1689
77866
9872
1880
1428
700
460793
73873
66195
50780
544431
11503
9294
2290
447200
34016
306943
157845
1649
38117
12665
356305
11680
11625
9671
8224
438348
413730
57695
26320
13022
145220
512196
345911
79218
75674
9992
6957
446101
415842
136797
18269
8584
6279
841
500922
12201
186992
121606
46528
13679
301355
21778
455
280092
11954
9788
507143
13704
11890
11002
9759
44244
617
18487
9615
674944
300168
9605
593402
413362
8388
2116
514999
173185
169917
112205
8984
7553
714
430231
333484
192132
72710
13523
9335
9273
384371
283227
15357
11821
9079
5289
2667
2275
314095
43200
41446
10529
10057
38303
10047
9515
473149
4953
9828
179
45156
8839
10431
8999
605804
291351
221667
8007
668195
301272
2026
490445
399035
16353
15997
10592
10380
79643
49526
38357
19457
10576
12085
10764
1268
308504
9785
463272
288036
574861
449562
407439
296099
246080
2019
674607
451500
182415
82675
10029
9882
49021
16577
11088
1734
483906
399360
293646
11976
1825
340837
30923
20726
14926
613080
245706
102780
36568
10028
9801
433501
44268
16418
60599
16871
598133
14844
6637
1599
11352
11191
10743
9333
437557
339994
257445
4824
9472
4478
399361
290595
199534
31359
14976
7131
511987
15037
9902
376134
168530
137321
515841
325348
11460
457435
334521
279641
303542
70821
449563
76812
27581
11081
11007
2309
87421
12435
8818
463821
179538
52520
43930
12146
477033
38365
22804
38410
12309
449574
438808
370663
13335
9408
505058
382593
157829
9899
439998
314405
5680
459910
48466
333669
199373
50479
38093
14191
8386
305470
291276
181283
115210
14373
13600
6076
255343
9354
817
298312
11232
10428
467
486101
28260
28032
18736
10070
4247
461130
1968
7512
1685
709
297608
10715
2080
701175
438396
209247
43933
41630
13154
11495
245703
196867
76163
5172
507
15653
324668
298250
198287
149509
116741
59570
7220
82650
9945
146239
8845
351809
133694
16996
323373
158015
9486
3172
141043
8838
244458
18462
2661
10188
9543
8689
201
292431
62046
11238
7095
4614
371560
214756
425336
415132
267935
28355
9061
294652
36643
24873
10543
485894
141052
11169
323675
9963
7737
4964
35019
13567
810
11862
109414
71552
6951
559
25983
253687
155084
26389
12912
10314
539537
503616
284296
58244
56909
34813
19004
1049
158852
11891
11359
203739
145135
10521
693
174772
69798
16690
259695
11591
4787
3040
318922
184341
14207
138103
11484
6282
1688
218778
157825
51447
10192
8966
582570
9991
9477
706510
460885
15577
11896
10303
9407
492353
420648
326423
11358
9102
328111
274167
319341
40205
13515
517116
14728
341689
227300
195589
21705
22907
9043
46929
9705
4380
11917
184346
49529
8843
228967
16296
582596
467660
10294
264999
152748
13374
514619
134374
50698
2332
419680
381034
272548
23082
11557
9885
7942
451925
391714
370978
260346
188222
58235
26515
16342
13275
10358
9805
9369
9012
703745
419511
406563
178915
132232
19901
9611
532671
58233
32657
14326
487083
157820
137116
88794
29427
2619
400106
24021
398920
9339
124905
24452
20187
10483
9715
2119
399248
24920
1249
38167
12610
11323
2284
1724
89185
11619
227159
109439
11286
10739
296360
181533
12412
82532
10426
80585
11852
11560
10413
2770
1588
411143
326215
9349
133790
454293
104859
41210
13394
23759
1248
59457
10589
540
399790
339967
9896
1613
324807
153518
98567
18892
524247
330112
121936
63493
37609
13532
12262
11459
9373
8856
399796
11418
11348
9355
59968
37710
15417
10207
9573
374052
242022
114750
20235
10442
1492
182127
134597
9962
2662
259694
254128
157851
9358
9280
10972
10562
10307
492355
14061
10951
1634
548473
530382
707
542224
13934
11683
11017
10730
399031
77944
50204
46529
11699
11665
10479
9398
8273
50619
49040
8067
49494
11355
427989
209262
17466
499726
157834
8592
18781
10665
6341
11384
11137
9620
87496
13973
2320
663
27578
8130
1727
369300
12103
8884
8656
4959
34851
10611
116811
13969
457262
438347
272435
10013
309886
25913
10516
1844
347375
60672
19164
12526
6278
169
502682
417644
405775
82696
15512
425980
9822
427900
11860
5689
571495
77950
9621
8851
2086
339792
295151
72358
41664
13975
341006
23830
13825
75638
58151
13968
10017
2637
159117
77930
10033
299847
143049
33217
23629
11234
153158
109443
80271
74725
10832
65599
11353
2082
49022
12721
10447
2114
14819
487297
218836
37834
27374
11212
5971
2575
178
268531
11069
7552
13455
2269
618
441701
290999
65086
38543
79548
64686
52505
52015
18585
9598
24929
9986
2058
698
569814
428078
9494
8324
41479
10523
9804
486070
244264
225565
9922
8978
2791
410199
408648
400547
383709
339846
38327
137094
60803
11823
38356
14709
13161
7007
506072
9285
955
508018
264729
26691
11431
9293
8916
4965
433808
43939
1410
345940
279690
6963
60935
13313
22327
10724
369894
13387
47533
8247
462148
258363
199928
170354
115782
11587
10982
5516
454294
268896
84204
37861
8373
51588
5968
300153
127867
39210
3604
10632
9642
12538
11342
10547
10498
7484
2246
1537
13997
446807
283378
13282
10068
10720
1497
53182
13811
13474
426543
11892
9889
7288
296100
183836
64807
11894
10657
9506
567970
301875
18519
10765
10544
531509
13492
13092
519253
102362
84194
11824
9545
438590
286565
16288
14362
11915
11186
2267
425505
408439
37770
10202
10065
9975
9425
8078
326285
87826
45658
18360
12100
219572
9378
9101
404733
328595
293768
9694
11164
1656
190955
97370
36670
9457
4477
295832
258509
11983
10353
9836
9080
4379
2135
296
50725
11025
2665
424121
331313
270938
254904
13220
10395
9039
419704
93837
59962
10623
278774
72545
10606
8688
1852
419831
387592
320288
77805
533642
531503
262841
267860
72431
12154
290764
14208
9641
423949
173897
76493
24102
19959
262504
258284
74944
15516
6038
316023
261392
126277
451955
302156
286987
9725
8090
342521
11966
11415
12157
10025
331
283601
34806
13499
12707
4970
420634
409297
203665
35552
10735
2768
19165
192102
13944
437670
421658
335866
9395
7520
4515
363126
12122
11931
287590
2029
311667
49520
2212
66129
14400
10396
479455
111190
11099
109418
9298
460846
35056
10796
218784
17927
14008
12590
9257
474764
283726
197796
48171
10208
390061
46503
11419
9610
539885
395990
152792
13252
10922
10153
335796
10003
1620
362637
33909
10468
9604
4967
55846
419479
69668
27022
22824
9029
509585
57201
12088
10478
7459
65759
55779
13477
10225
76544
35791
9619
9286
1370
335988
81390
14114
351964
2057
257091
140222
9989
208134
10424
527261
85872
146229
70577
9730
429415
59108
48650
48572
44603
10022
9275
584962
375355
353569
519106
460019
352492
11228
531309
458005
429351
134411
55465
36419
21788
254194
11379
11008
201086
37786
9910
338676
315837
308024
15189
10379
22821
9955
8409
289727
10185
1257
1252
76494
66118
10407
340487
54113
2085
253235
9103
328720
2268
199661
44894
8675
517909
455839
417643
184345
76285
41439
4806
64689
48946
10137
249660
15413
14013
152760
10663
9923
426814
38073
10157
9541
9353
8873
88751
287903
222899
10489
12994
39386
10781
10555
1644
406761
4599
434203
220286
10641
162903
136418
56339
11374
4923
414190
14451
951
531306
353069
347126
266647
215211
59429
336004
253626
1969
588001
432618
168055
9208
6520
1738
44040
23048
9564
534
477489
216282
15657
15092
12834
10869
3563
849
157353
9466
476764
31203
11857
15648
11702
10748
818
442062
309242
1901
278154
345922
183662
45649
14240
158907
13700
10425
458305
286521
247218
205588
335778
308531
207932
6552
228165
14128
11675
9415
10186
133805
10480
9493
2687
492611
429202
74945
28302
457962
274855
503619
49013
7303
5966
4256
502292
369780
85041
27621
61717
10313
58013
366514
337154
52067
20606
266294
166271
9397
395814
10833
10199
9268
2103
333348
172533
347984
58595
11357
126889
85373
77883
43646
34480
270302
60304
9874
7090
1273
36669
10349
138697
37414
2313
49730
18239
50321
11777
9416
479
426238
72571
62213
11479
9988
11452
483202
23049
428399
356842
243442
84348
57331
13159
48838
37652
11595
5559
579
174675
39053
11678
232572
187596
73108
13654
254473
175116
23827
21972
10571
317744
306952
146223
28211
25643
6935
244610
24056
41215
9895
14444
11024
9431
217
228968
9073
8975
263341
32823
21427
471014
319340
74777
64635
340945
103620
11199
7511
299687
284537
215830
22582
8555
14871
10351
206296
445954
192145
99579
37905
11133
10023
2539
442249
12180
918
354251
14636
11351
11285
315319
11866
9594
8698
301348
13279
1642
416234
188161
18890
471507
308453
37821
13389
267193
10145
4961
1690
354110
6217
2084
590869
147868
10061
9266
5549
297761
252512
8780
62764
11979
9637
4234
12658
12500
11775
9894
119283
87516
81796
12245
36968
24795
10345
495766
14043
12556
9096
375588
45535
15019
12110
9566
9296
419522
340676
9417
2067
1970
11648
7451
5820
109491
74998
82
14648
33408
10740
7548
168138
121824
86597
23488
8069
274854
182560
10714
718444
452507
340022
305932
76640
277547
58224
13078
98566
87101
6466
457955
240916
9644
270487
16558
8914
3597
112200
9449
60281
32293
12596
321258
32985
1966
497814
256569
244761
13668
14223
487004
363869
167810
60405
97614
62838
27579
1995
146198
14873
7501
311324
293767
175574
6723
505436
68728
269795
242095
48340
41505
563907
70706
59965
10317
306
184125
80038
6068
245906
53399
13186
11152
10402
526051
38961
15969
11015
8452
456165
440762
440708
396806
174323
4858
106021
11077
9745
460648
324542
39345
38031
20414
209112
101173
11638
291356
6623
2144
1636
77987
37958
7342
10030
382518
19724
98357
8989
146381
382598
11932
10204
9383
49010
32856
10488
10280
5852
272692
8850
292040
513409
291870
91314
8831
310133
300681
20
36648
14979
348060
156547
25239
9448
125490
44363
192134
12572
325848
13018
45772
27583
11674
9946
302688
167032
45657
38780
9597
1722
41665
13683
13460
270010
10733
565413
34069
8398
258489
378018
342878
278924
12540
641790
88042
49953
323676
73937
9824
9754
2749
464737
422715
455236
250349
11519
429460
13595
10066
6073
10599
58431
437425
335777
209249
11908
354861
320316
228066
13067
9279
10127
121734
50022
12096
10131
151960
136835
18502
97020
10708
59861
79697
382597
257088
214030
9091
395458
353979
73499
18823
10136
5552
273169
190469
133698
85435
5137
284536
255456
61630
27573
18457
192149
144789
64639
52077
10495
87567
521935
283445
11428
9948
570132
509730
216015
58547
20829
7364
4942
346808
114606
13888
9570
5
464595
464504
376865
24831
11041
640923
147441
10014
38541
502416
463053
340102
211067
123109
150202
95516
23514
10538
486078
296065
271718
93828
60049
4327
228973
97051
77953
23172
46837
9932
390584
39106
11968
9530
56014
72477
53172
28597
11847
2176
503
475430
325133
85038
2928
469876
275601
17630
11187
485942
339396
433627
418078
479040
433251
346681
291264
13742
9348
382517
238215
13536
12569
9815
6641
25769
9982
333674
72207
3489
109431
359412
230222
43209
157823
14817
7978
496704
82505
54540
15379
334538
24271
16113
68179
224141
17134
2022
1691
403119
363757
395
249070
38310
10035
439079
13207
9728
2018
45650
11317
399019
11157
9645
241843
41436
84105
9600
86828
52451
77931
34494
9384
1408
415010
16314
10054
107811
9072
14161
486103
9569
6877
2310
15681
11806
9767
262543
89492
6477
1705
157433
11870
11517
377264
56906
40817
11398
7183
412988
14372
9738
8867
20068
11011
10357
14536
470114
408266
291328
12118
12138
238603
71679
42949
11258
11074
9021
333663
56903
13812
9099
51620
35025
11565
8849
304372
266396
12193
12139
8965
400710
16866
10768
81836
332704
2636
10678
10173
457943
13962
4442
41513
624808
34803
1996
334536
81005
14869
12192
423087
302150
287084
6439
460321
343611
219318
15159
13690
9292
10053
4248
418437
10680
11632
11141
312669
213681
62206
36599
12090
454699
17335
9927
3682
169219
13713
10533
3603
52214
9341
438
129139
44982
41668
44833
19904
10320
9406
9312
869
38262
9906
38321
13505
13476
10862
389053
156717
49524
9981
10406
467673
355008
335788
12589
12277
41515
9676
172
206192
10723
8869
26505
115348
377275
159128
109513
18896
9669
434355
416051
209189
47971
28665
18501
9038
13056
9396
152790
46261
10092
9877
9678
19840
10996
10679
10069
257344
255157
465086
390051
346672
268920
10040
9030
9893
9304
3512
2099
184315
615177
248574
11078
10985
431075
13673
480414
284289
397422
11467
9886
411873
87428
52338
24418
355547
20483
17336
2122
353491
146238
55301
9825
345914
250546
193687
11397
320302
223702
265010
174321
336011
342474
94363
9957
8457
383869
310126
227783
2155
57165
9884
430040
50359
2334
433630
139038
487702
1665
74461
34636
449415
271969
46441
44943
38322
1375
347945
253344
253161
83770
11056
9562
85735
57157
49014
480105
72331
11856
369776
13836
11569
59115
18298
8676
252680
39227
10771
322240
10823
1441
70435
234004
86835
23367
114478
38778
12123
2959
244516
3050
335791
118957
19994
413998
111440
86834
11472
450001
346671
23398
9622
582186
195590
19912
16643
14177
8836
514277
412105
9574
71672
28510
270774
60747
10829
39451
86868
15566
10169
22894
12620
9327
271185
50671
1452
68684
489929
384682
48988
340402
4597
384521
237756
37707
36298
2800
11456
4954
256474
15671
8202
401371
77875
10197
440597
11547
9907
174316
1683
16337
385332
383785
312831
139567
10375
379873
13596
8920
9890
11478
9482
438650
323368
20856
9586
484437
167575
30974
5375
466622
2565
420950
164251
39285
382511
3513
429476
38358
429471
180296
399131
1819
378236
12120
118289
299551
10805
36355
11888
9424
929
10661
174751
13260
46221
10154
444902
9488
286567
10075
1979
144336
10165
11804
205584
14248
13043
11630
11451
10172
49787
513083
82390
10610
9966
2335
122857
8277
456750
254302
82679
437
106747
18480
144340
354287
500904
357096
42441
2210
10756
459202
58444
18476
10861
449459
253310
185341
72559
52449
23437
523139
43919
23742
77951
9334
287948
123105
8860
334074
306523
100042
370567
339988
241257
582607
75622
89008
10342
8870
51170
49849
10008
2900
346910
291272
11066
10956
146375
9271
385360
57431
265208
9453
252607
14435
248507
52124
16325
10200
492621
70578
40805
14123
10877
2698
373314
253414
9980
9070
458109
87368
488113
384798
182219
12662
393345
22825
17047
10481
49012
306964
10438
101179
14211
1975
97430
417830
13401
10878
282035
150117
17350
806
82687
19899
79395
54054
12521
10762
371608
58428
9381
10603
301372
50647
10327
255798
80035
23023
12208
429238
124459
4257
530081
80015
9697
75198
434555
262338
19556
13498
411626
10596
535581
32390
336455
10546
13025
9703
421792
6933
442064
277685
77663
9757
9022
6171
1927
441384
210860
94380
22949
9067
8859
345067
10891
420245
11132
10727
10163
867
171424
11523
10206
368031
1250
9531
9471
9842
364116
9623
4551
314385
76649
362826
266639
265016
10923
343173
73861
11812
83
595985
134366
9904
653601
9793
9592
481762
82990
16991
8275
15709
9074
459928
323020
12121
6519
323674
8944
22787
12819
10160
12597
121856
11811
230179
1977
456740
54309
43931
410554
68737
16258
9513
413471
9447
2124
77234
43074
300665
13160
452832
23823
8274
5851
10587
325844
96936
61012
9683
531949
11377
333386
254191
70074
9794
244566
63207
9009
37931
13761
227348
17825
454283
18162
340677
1735
76617
9796
394830
13572
453201
26688
401905
11637
9954
3132
17918
2752
348537
222936
10134
1641
364067
76757
476926
380124
42194
10885
47327
10984
392140
373569
38317
13493
14175
330947
112454
11425
10281
1534
277368
277355
84174
1499
157375
23966
516043
201088
11237
10329
7840
203834
10007
333381
286873
19794
20069
463684
23047
298614
225886
414
430528
21583
347882
203835
49950
11361
9969
469721
127493
24438
1792
295830
12448
11618
7233
9959
11335
11568
2274
17684
43593
14560
12767
14846
612152
104755
9879
10658
89673
9827
9264
11817
9356
44564
288281
520360
465109
424619
284564
19824
20825
11045
92182
10344
13051
9838
287424
11469
341392
10336
226486
24150
8766
8427
339530
97434
10992
169209
19918
326
3600
19585
241258
13767
290637
301846
64586
38319
41413
9413
246403
11249
109099
239573
10012
134375
1450
280391
190847
47964
463602
8487
11284
70868
20737
289153
210908
146301
242076
42425
340103
16300
433244
50838
9626
338964
186759
42446
26123
419700
11982
11540
339547
505177
44113
76489
14405
329981
8645
888
18238
426962
430365
9423
426285
11649
11026
37430
11375
6589
100241
9714
342281
288158
178809
9731
2157
242310
77948
42432
9042
25018
86467
10588
10802
395841
475210
50217
10906
94348
51481
10535
42888
10808
7341
339103
329010
345915
82700
11260
169020
30178
11158
10118
13741
9876
611468
301337
123229
316154
180948
102207
243688
161545
47933
292280
9480
243938
10048
560362
10642
11597
354282
33107
11231
9978
276839
243940
122081
38579
359790
13121
382589
259018
256961
204349
44912
125509
109091
353686
50357
10944
263472
9625
401561
151368
371307
317091
13788
301728
27902
242512
2395
408381
38745
525460
9037
372343
339404
11918
146227
11252
39691
234212
329440
277558
37534
11825
205724
12657
93856
43555
9446
13184
123103
42434
11217
10016
80280
43552
293771
9612
480042
14113
10306
9290
41669
399173
13256
10987
259072
492336
332411
8998
8814
206821
71670
351211
10628
430354
24169
9920
347969
9750
8617
248390
37169
89691
10676
500919
241875
99770
42437
345923
12279
407451
17130
33624
4723
43554
27
157544
2486
10461
277839
9360
9713
12702
354979
133469
328429
9711
9557
11895
10366
440
301608
14239
9826
6280
429467
10032
9651
586333
269173
385448
193612
78383
24476
4474
77941
9053
320048
10718
75736
9722
271404
11090
10685
440471
246320
10063
282813
71469
481375
12107
323262
13613
14456
14564
18843
438689
10384
3177
505225
10216
10477
85056
331962
11802
11058
9947
459616
297160
57089
14620
11679
13972
9405
65055
437739
68637
42436
13257
42941
42684
8968
14623
480572
42435
9682
10283
456048
71676
9656
17610
284674
3093
5393
12158
23706
254474
6116
38277
14199
10577
351819
241254
70586
11453
29426
433249
35169
226936
42433
10710
375804
87436
33282
329833
325358
520901
299245
2830
76487
377587
10067
420707
416160
77496
21943
4258
344268
289720
12211
8285
551808
86331
412547
14125
9624
56288
8010
257345
5458
5550
12212
10196
438970
20533
8011
267806
55341
89899
372822
250066
103327
11470
188207
308529
56715
310127
9306
74997
11334
449664
889
241251
11442
297596
11586
13995
15587
331446
10077
4226
354556
9536
14144
168098
12095
441614
290825
298584
314
248504
146203
13166
326425
11546
293452
82657
13486
11667
390989
11127
35026
43935
87818
1639
79316
28739
78049
332
472838
2312
536869
60556
168615
12536
11692
340674
166424
11411
426563
535437
15206
17692
18955
10550
307663
27793
9320
79694
3134
10285
57876
455551
13727
9438
276905
415
9823
439015
3602
244688
26264
332502
37265
407559
12177
11531
9708
10513
351460
225703
375798
119278
9607
791
71668
71880
218043
400411
13461
40264
15268
10152
10214
5857
46429
485415
248705
11849
17473
23988
21435
17711
11867
11535
168705
316002
10253
19766
17532
103112
580
419507
505423
205321
16780
10304
8046
238930
7278
10073
22345
10870
26914
9760
35885
485774
9544
94365
160070
12142
13805
74849
5491
11059
14164
40016
